     128	3317.944106	493568	1384448	2637824	4292608	5668864	6979584	8159232	9371648	10682368	13041664	17694720	22151168	34865152	41156608	70778880	202375168	225443840
     256	4475.063257	354304	477184	610304	921600	1384448	2179072	3522560	5406720	7766016	10682368	16908288	24772608	50069504	63176704	95944704	112721920	145752064
     512	4834.426284	346112	448512	552960	790528	1122304	1630208	2441216	3784704	6062080	9633792	16908288	26083328	52690944	65273856	92798976	110624768	137363456
    1024	4845.246819	342016	440320	528384	741376	1036288	1466368	2146304	3293184	5275648	8978432	17432576	27394048	57933824	72876032	106430464	112721920	147849216
    2048	4748.901465	354304	448512	544768	749568	1036288	1482752	2211840	3424256	5603328	9502720	17694720	27918336	56360960	69730304	98041856	111673344	137363456
    4096	4632.693845	362496	456704	544768	757760	1056768	1515520	2244608	3457024	5603328	9502720	17956864	28180480	60030976	79167488	120061952	137363456	170917888
    8192	3299.02124	501760	1286144	2572288	4358144	5799936	7110656	8355840	9502720	10944512	13434880	17694720	22675456	35389440	42729472	59506688	65273856	77070336
   16384	3247.260616	528384	1253376	2506752	4292608	5799936	7110656	8355840	9633792	11075584	13565952	18219008	23199744	37486592	45350912	62128128	67633152	86507520
   32768	3052.433459	651264	1581056	2867200	4685824	6127616	7503872	8847360	10027008	11730944	14221312	19005440	24510464	41156608	50069504	77070336	104333312	191889408
   65536	1880.507543	692224	1138688	1990656	4227072	6193152	7962624	9764864	11862016	15138816	21102592	35913728	58982400	137363456	177209344	233832448	246415360	316669952
  131072	935.248685	741376	913408	1089536	1482752	2007040	2932736	4620288	7700480	13565952	29491200	87556096	179306496	484442112	591396864	692060160	734003200	767557632
  262144	479.594205	1011712	1302528	1597440	2375680	3555328	5603328	8585216	11730944	17170432	39059456	143654912	396361728	1052770304	1216348160	1518338048	1568669696	1568669696
  524288	220.090629	1384448	1662976	2007040	2637824	3489792	4751360	6848512	11075584	21364736	62652416	244318208	717225984	2667577344	3070230528	3439329280	3472883712	3539992576
 1048576	106.674123	2277376	2801664	3358720	4620288	5865472	7700480	10944512	16056320	31064064	126353408	650117120	1853882368	5200936960	5536481280	6140461056	6140461056	6408896512
 2097152	49.749313	3620864	4423680	5406720	6979584	8716288	11993088	16711680	24510464	46399488	291504128	2038431744	4278190080	9059696640	9596567552	9999220736	9999220736	9999220736
 4194304	23.96959	7307264	8716288	10813440	16187392	23724032	34865152	47448064	77070336	408944640	1266679808	4865392640	8019509248	15099494400	16710107136	16710107136	16710107136	16710107136
 8388608	13.391457	15007744	20578304	27656192	43253760	67633152	160432128	358612992	1971322880	2936012800	4462739456	6744440832	10267656192	14428405760	14965276672	15770583040	15770583040	15770583040
16777216	7.095509	31850496	44826624	71827456	248512512	1027604480	2667577344	3707764736	5133828096	6274678784	8657043456	9730785280	12683575296	13891534848	14831058944	14965276672	14965276672	14965276672
     128	3326.89168	477184	1368064	2637824	4292608	5668864	6979584	8159232	9371648	10682368	13172736	17694720	22151168	34865152	41156608	70778880	147849216	219152384
     256	4474.732006	354304	477184	610304	913408	1384448	2179072	3457024	5341184	7766016	10682368	16908288	24772608	50069504	63176704	95944704	114819072	147849216
     512	4846.68177	346112	444416	552960	790528	1122304	1613824	2408448	3751936	5931008	9502720	16908288	26083328	52690944	65273856	92798976	108527616	133693440
    1024	4845.334044	342016	436224	528384	733184	1019904	1449984	2113536	3260416	5275648	8978432	17170432	27656192	58982400	73924608	105381888	113770496	145752064
    2048	4795.629435	350208	448512	544768	757760	1056768	1515520	2244608	3424256	5472256	9371648	17694720	27656192	55836672	68681728	99090432	114819072	152043520
    4096	4630.367434	358400	456704	552960	765952	1073152	1531904	2244608	3457024	5603328	9502720	17956864	28704768	60030976	77070336	119013376	133693440	164626432
    8192	3300.013324	493568	1286144	2572288	4358144	5799936	7110656	8355840	9502720	10944512	13434880	17694720	22675456	35913728	42729472	58982400	65273856	76021760
   16384	3240.876399	522240	1253376	2539520	4358144	5799936	7176192	8454144	9633792	11075584	13565952	18219008	23199744	38010880	44826624	61603840	68681728	86507520
   32768	3045.946396	651264	1581056	2899968	4685824	6193152	7503872	8847360	10158080	11730944	14352384	19267584	24772608	41156608	50069504	77070336	105381888	191889408
   65536	1885.550596	667648	1028096	1679360	3686400	5668864	7569408	9502720	11730944	15269888	21364736	36438016	60030976	139460608	179306496	235929600	246415360	312475648
  131072	923.492021	749568	913408	1073152	1400832	1859584	2637824	4046848	6782976	12255232	29229056	90701824	185597952	492830720	591396864	708837376	734003200	759169024
  262144	470.275832	995328	1236992	1482752	1941504	2572288	3555328	5341184	8585216	15532032	41680896	152043520	413138944	1061158912	1233125376	1535115264	1551892480	1568669696
  524288	225.058618	1400832	1679360	2023424	2736128	3653632	5079040	7110656	11337728	21626880	61603840	227540992	708837376	2600468480	3036676096	3439329280	3472883712	3539992576
 1048576	106.949058	2211840	2736128	3358720	4489216	5996544	7897088	10813440	16580608	33423360	135266304	658505728	1870659584	5268045824	5603590144	6073352192	6073352192	6140461056
 2097152	53.896859	3686400	4751360	5603328	7438336	9633792	12910592	17956864	27131904	52166656	233832448	1686110208	3506438144	9059696640	9596567552	9865003008	10401873920	10401873920
 4194304	25.352997	7241728	8978432	11468800	16580608	24510464	34340864	50593792	82313216	270532608	1010827264	4798283776	7952400384	15770583040	16307453952	17112760320	17112760320	17112760320
 8388608	14.017664	16318464	24772608	31850496	46399488	68681728	131596288	358612992	1753219072	2768240640	4076863488	6610223104	9596567552	14696841216	14965276672	15367929856	15367929856	15367929856
16777216	6.530866	26607616	43778048	52166656	295698432	1769996288	3405774848	4328521728	5536481280	6744440832	8556380160	10401873920	12952010752	13757317120	14294188032	14562623488	14562623488	14562623488
     128	3326.604038	477184	1351680	2637824	4292608	5668864	6914048	8159232	9371648	10682368	13172736	17694720	22151168	34865152	41156608	68681728	143654912	221249536
     256	4463.65514	354304	473088	602112	913408	1384448	2179072	3489792	5341184	7700480	10682368	16908288	24772608	51118080	65273856	96993280	112721920	147849216
     512	4844.713876	346112	448512	552960	782336	1105920	1613824	2441216	3751936	5996544	9502720	16908288	25821184	53215232	65798144	94896128	111673344	135266304
    1024	4831.718443	342016	440320	536576	749568	1044480	1482752	2146304	3293184	5341184	8978432	17432576	27918336	57933824	72876032	105381888	112721920	141557760
    2048	4784.18896	350208	452608	544768	757760	1056768	1515520	2211840	3424256	5472256	9240576	17694720	27918336	56360960	69730304	100139008	113770496	141557760
    4096	4620.740198	354304	456704	552960	765952	1073152	1531904	2244608	3457024	5603328	9502720	18219008	28442624	60555264	77070336	121110528	135266304	168820736
    8192	3299.92675	493568	1286144	2572288	4358144	5799936	7110656	8355840	9502720	10944512	13434880	17694720	22675456	35389440	42729472	59506688	65273856	76021760
   16384	3241.249542	528384	1269760	2572288	4358144	5799936	7176192	8454144	9633792	11075584	13565952	18219008	23199744	37486592	44826624	61603840	68681728	86507520
   32768	3045.645226	651264	1581056	2867200	4685824	6127616	7503872	8716288	10027008	11730944	14221312	19267584	24772608	41156608	50593792	77070336	104333312	183500800
   65536	1876.971714	692224	1171456	2113536	4358144	6258688	8093696	9764864	11862016	15138816	21102592	35913728	58982400	135266304	177209344	235929600	246415360	295698432
  131072	954.466897	757760	962560	1187840	1744896	2768896	4620288	7110656	10027008	13959168	26869760	81264640	170917888	476053504	591396864	700448768	725614592	742391808
  262144	476.739945	1003520	1253376	1499136	2113536	2965504	4423680	6782976	10420224	17170432	42205184	145752064	400556032	1061158912	1216348160	1518338048	1568669696	1585446912
  524288	225.32281	1417216	1712128	2039808	2703360	3719168	5079040	7372800	11730944	23199744	66846720	221249536	692060160	2600468480	3070230528	3439329280	3439329280	3539992576
 1048576	103.264446	2211840	2768896	3293184	4227072	5603328	7503872	10420224	15400960	29491200	135266304	725614592	1904214016	5335154688	5670699008	6140461056	6140461056	6274678784
 2097152	48.231824	3784704	4423680	5406720	6848512	9502720	12255232	17170432	26083328	56360960	329252864	2071986176	4596957184	9328132096	9730785280	9999220736	9999220736	9999220736
 4194304	22.230619	7045120	8355840	10027008	14352384	20316160	29229056	43778048	74973184	492830720	1652555776	5603590144	8657043456	15233712128	15904800768	16575889408	16575889408	16575889408
 8388608	15.166708	15532032	21889024	30015488	48496640	78118912	170917888	350224384	1132462080	2600468480	3707764736	5872025600	9193914368	14562623488	14965276672	15099494400	15099494400	15099494400
16777216	6.225875	28442624	51642368	78118912	221249536	1803550720	3305111552	4596957184	6006243328	7616856064	8925478912	10938744832	12012486656	13623099392	13623099392	13623099392	13623099392	13623099392
     128	3316.622252	493568	1368064	2670592	4292608	5668864	6979584	8159232	9371648	10682368	13041664	17694720	22151168	34865152	41156608	70778880	208666624	227540992
     256	4476.058871	358400	477184	610304	913408	1384448	2179072	3489792	5341184	7766016	10551296	16908288	24772608	50069504	63700992	96993280	111673344	147849216
     512	4834.065641	346112	448512	544768	782336	1105920	1613824	2441216	3751936	5996544	9502720	17170432	26083328	52690944	64749568	94896128	106430464	139460608
    1024	4873.571643	342016	436224	528384	733184	1019904	1449984	2113536	3227648	5275648	8978432	17170432	27394048	57409536	72876032	105381888	111673344	147849216
    2048	4779.688125	354304	452608	544768	749568	1056768	1499136	2211840	3391488	5472256	9371648	17694720	27918336	56885248	70778880	99090432	111673344	152043520
    4096	4663.511532	358400	456704	552960	765952	1056768	1515520	2211840	3424256	5537792	9371648	17956864	28442624	60030976	78118912	119013376	133693440	168820736
    8192	3306.252913	493568	1253376	2605056	4358144	5799936	7110656	8355840	9502720	10944512	13303808	17694720	22675456	35913728	42729472	59506688	64749568	77070336
   16384	3237.535387	536576	1302528	2637824	4423680	5865472	7176192	8454144	9633792	11075584	13565952	18219008	23199744	37486592	44826624	61603840	67633152	86507520
   32768	3045.080739	651264	1597440	2932736	4751360	6193152	7503872	8847360	10158080	11730944	14221312	19005440	24510464	41156608	50593792	77070336	105381888	193986560
   65536	1877.400246	733184	1368064	2899968	5210112	6979584	8585216	10158080	11862016	14876672	20316160	34340864	57933824	135266304	177209344	233832448	244318208	295698432
  131072	939.847623	749568	937984	1105920	1531904	2146304	3162112	5079040	8159232	13828096	29491200	86507520	175112192	480247808	591396864	708837376	725614592	767557632
  262144	462.739626	1003520	1269760	1515520	2023424	2736128	3817472	5668864	9109504	16908288	44826624	154140672	421527552	1069547520	1266679808	1518338048	1535115264	1568669696
  524288	217.703192	1400832	1662976	1974272	2605056	3424256	4751360	6651904	10682368	22413312	61079552	246415360	717225984	2667577344	3070230528	3405774848	3472883712	3539992576
 1048576	115.192535	2277376	2768896	3293184	4358144	5996544	7897088	11075584	16711680	31588352	104333312	534773760	1686110208	5133828096	5469372416	6073352192	6140461056	6341787648
 2097152	50.673052	3719168	4816896	5799936	7634944	10158080	13303808	18481152	26607616	48496640	278921216	1988100096	4043309056	8925478912	9462349824	9999220736	9999220736	9999220736
 4194304	25.592774	6782976	8355840	10813440	15925248	21889024	32112640	45875200	73924608	258998272	1098907648	4211081216	7751073792	15367929856	16575889408	17112760320	17112760320	17112760320
 8388608	15.807926	18743296	28442624	40108032	62128128	88604672	149946368	329252864	968884224	2533359616	3439329280	5804916736	8556380160	14294188032	14965276672	15770583040	15770583040	15770583040
16777216	 6.80822	29229056	36438016	62128128	217055232	1283457024	3170893824	4009754624	5402263552	6945767424	8556380160	9730785280	12683575296	13623099392	14025752576	15502147584	15502147584	15502147584
     128	3318.978151	493568	1351680	2605056	4292608	5668864	6979584	8159232	9371648	10682368	13172736	17694720	22151168	34865152	41156608	69730304	193986560	221249536
     256	4468.065967	350208	464896	585728	880640	1335296	2113536	3391488	5275648	7634944	10551296	16711680	24772608	53215232	66322432	105381888	119013376	162529280
     512	4836.230436	346112	448512	552960	782336	1122304	1613824	2408448	3784704	6062080	9633792	16908288	26083328	52166656	64225280	93847552	105381888	133693440
    1024	4864.051156	342016	440320	528384	741376	1028096	1449984	2146304	3260416	5210112	8978432	17170432	27656192	56885248	70778880	107479040	125304832	147849216
    2048	4776.996635	350208	448512	544768	757760	1056768	1515520	2211840	3391488	5472256	9240576	17694720	28180480	56885248	69730304	102236160	115867648	160432128
    4096	4685.589665	354304	456704	544768	765952	1056768	1515520	2244608	3424256	5537792	9371648	17956864	28180480	60555264	77070336	108527616	120061952	137363456
    8192	3300.406315	497664	1318912	2605056	4358144	5799936	7110656	8355840	9633792	10944512	13434880	17694720	22675456	35389440	42205184	59506688	64749568	76021760
   16384	3245.577801	528384	1269760	2605056	4423680	5865472	7176192	8454144	9633792	11075584	13565952	17956864	23199744	37486592	44826624	62128128	67633152	86507520
   32768	3051.630525	602112	1466368	2736128	4554752	6062080	7372800	8716288	10027008	11730944	14352384	19267584	24772608	41680896	51642368	85458944	135266304	187695104
   65536	1887.353029	610304	765952	913408	1253376	1843200	2768896	4423680	6848512	10551296	18481152	44302336	81264640	196083712	217055232	304087040	367001600	541065216
  131072	964.0625	815104	1028096	1204224	1581056	2113536	3063808	4947968	8355840	15138816	38535168	108527616	187695104	341835776	400556032	530579456	591396864	633339904
  262144	480.030594	1138688	1417216	1695744	2179072	2801664	3719168	5406720	9502720	24248320	91750400	238026752	371195904	641728512	708837376	809500672	859832320	943718400
  524288	244.380346	1777664	2211840	2637824	3424256	4292608	5406720	7307264	11337728	25821184	113770496	417333248	910163968	1551892480	1820327936	2071986176	2139095040	2197815296
 1048576	127.208597	2768896	3588096	4292608	5734400	7241728	9240576	12124160	17694720	37486592	152043520	817889280	1853882368	3439329280	4143972352	4865392640	5066719232	5200936960
 2097152	64.390749	5013504	6717440	8355840	11599872	15138816	20316160	27918336	38535168	73924608	246415360	1954545664	3472883712	5402263552	5939134464	6543114240	6811549696	6811549696
 4194304	32.401384	8978432	12255232	15794176	20578304	26607616	36438016	49545216	77070336	240123904	834666496	3741319168	6878658560	10133438464	10267656192	11207180288	11341398016	11341398016
 8388608	16.090941	20054016	26869760	34340864	55836672	79167488	175112192	316669952	809500672	2466250752	3841982464	5737807872	8422162432	13354663936	14025752576	15367929856	15367929856	15367929856
16777216	7.867624	32899072	72876032	124256256	291504128	901775360	2088763392	3405774848	4395630592	5804916736	7147094016	9328132096	10536091648	14428405760	14428405760	14696841216	14696841216	14696841216
     128	3329.813106	493568	1384448	2637824	4292608	5668864	6979584	8159232	9371648	10682368	13041664	17694720	22151168	34865152	41156608	71827456	120061952	221249536
     256	4474.824453	354304	473088	602112	905216	1384448	2179072	3457024	5275648	7700480	10551296	16711680	24510464	51118080	65273856	104333312	119013376	160432128
     512	4827.942303	346112	444416	544768	774144	1089536	1597440	2408448	3784704	6062080	9633792	17170432	26083328	52690944	64225280	94896128	106430464	141557760
    1024	4865.383334	342016	436224	528384	733184	1019904	1449984	2113536	3260416	5275648	8978432	17170432	27656192	57409536	71827456	106430464	124256256	147849216
    2048	4763.363103	354304	448512	544768	757760	1056768	1515520	2211840	3424256	5472256	9371648	17956864	27918336	55836672	68681728	101187584	119013376	152043520
    4096	4682.581462	358400	452608	544768	749568	1056768	1499136	2244608	3489792	5668864	9502720	17956864	27918336	59506688	74973184	111673344	121110528	139460608
    8192	3299.953423	501760	1302528	2605056	4358144	5799936	7110656	8355840	9633792	10944512	13434880	17694720	22675456	35389440	42205184	60030976	65273856	76021760
   16384	3236.181406	522240	1286144	2605056	4423680	5865472	7176192	8454144	9633792	11075584	13565952	18219008	23199744	37486592	44826624	62128128	67633152	86507520
   32768	3057.489258	602112	1531904	2867200	4685824	6193152	7503872	8847360	10027008	11599872	14221312	19005440	24510464	40632320	51118080	82313216	119013376	187695104
   65536	1877.371048	626688	806912	978944	1449984	2277376	3719168	5734400	8290304	11468800	18219008	42205184	77070336	189792256	212860928	304087040	362807296	583008256
  131072	967.812656	856064	1122304	1384448	2056192	3260416	5210112	7634944	10682368	16580608	36438016	102236160	181403648	333447168	383778816	505413632	583008256	633339904
  262144	488.613318	1122304	1417216	1695744	2211840	2834432	3784704	5472256	9633792	24772608	91750400	227540992	362807296	624951296	700448768	784334848	868220928	910163968
  524288	250.041436	1728512	2244608	2670592	3489792	4423680	5668864	8028160	13041664	27918336	112721920	400556032	901775360	1518338048	1686110208	2055208960	2105540608	2197815296
 1048576	128.176432	3227648	5144576	7372800	13172736	16449536	19267584	22151168	26345472	38535168	123207680	792723456	1769996288	3472883712	4143972352	4999610368	5133828096	5133828096
 2097152	60.502728	4751360	6062080	7307264	9895936	12255232	15269888	19529728	27656192	65798144	295698432	2122317824	3539992576	5603590144	5804916736	6476005376	7147094016	7147094016
 4194304	30.331874	9502720	12255232	15400960	20054016	25559040	32899072	44302336	69730304	242221056	1132462080	3976200192	7079985152	10133438464	10401873920	10804527104	10804527104	10804527104
 8388608	14.07384	17432576	27394048	34865152	58458112	115867648	217055232	396361728	1535115264	2701131776	4395630592	6207569920	9730785280	13757317120	14159970304	14428405760	14428405760	14428405760
16777216	7.014687	32374784	61079552	130547712	283115520	826277888	3003121664	3808428032	5268045824	6341787648	7952400384	10536091648	12280922112	13354663936	13623099392	14294188032	14294188032	14294188032
     128	3331.989471	485376	1368064	2605056	4292608	5668864	6979584	8159232	9371648	10682368	13172736	17694720	22151168	34865152	41156608	70778880	110624768	219152384
     256	4477.038862	354304	473088	593920	897024	1368064	2146304	3391488	5210112	7634944	10551296	16711680	25034752	52166656	65798144	104333312	116916224	154140672
     512	4841.915928	346112	448512	552960	790528	1122304	1613824	2441216	3784704	6062080	9633792	16908288	25821184	52166656	64749568	92798976	106430464	141557760
    1024	4883.050283	342016	436224	528384	733184	1011712	1449984	2113536	3260416	5275648	8978432	17170432	27394048	56885248	70778880	109576192	125304832	152043520
    2048	4764.931215	354304	448512	536576	749568	1036288	1482752	2179072	3391488	5472256	9371648	17694720	27918336	56885248	69730304	103284736	120061952	149946368
    4096	4694.28067	354304	456704	552960	765952	1073152	1531904	2244608	3457024	5537792	9371648	17694720	28180480	60555264	76021760	109576192	117964800	139460608
    8192	3320.106613	473088	1204224	2506752	4292608	5734400	7045120	8290304	9502720	10944512	13303808	17694720	22675456	35389440	42205184	58982400	64749568	76021760
   16384	3240.759241	528384	1269760	2539520	4358144	5865472	7176192	8454144	9633792	11075584	13565952	18219008	23199744	38010880	45350912	62128128	68681728	86507520
   32768	3047.948855	610304	1515520	2834432	4685824	6127616	7438336	8716288	10027008	11730944	14221312	19005440	24510464	41156608	51642368	83361792	139460608	187695104
   65536	1879.082465	618496	790528	954368	1384448	2088960	3293184	5144576	7700480	11075584	18481152	42729472	79167488	193986560	214958080	295698432	387973120	591396864
  131072	967.290961	888832	1187840	1548288	2572288	4292608	6389760	8716288	11468800	16908288	35913728	99090432	179306496	333447168	383778816	505413632	583008256	608174080
  262144	483.101063	1138688	1417216	1695744	2211840	2801664	3751936	5472256	9502720	24510464	93847552	231735296	371195904	633339904	700448768	801112064	868220928	918552576
  524288	241.438754	1761280	2244608	2637824	3358720	4177920	5275648	7045120	11075584	25559040	114819072	413138944	943718400	1602224128	1786773504	2105540608	2164260864	2164260864
 1048576	120.133298	2801664	3620864	4292608	5603328	7176192	8847360	11468800	16908288	36438016	158334976	851443712	1971322880	3674210304	4278190080	5066719232	5066719232	5133828096
 2097152	63.15687	4947968	6062080	7241728	9764864	12255232	15663104	20840448	28704768	63700992	263192576	2105540608	3607101440	5469372416	5737807872	6408896512	6677331968	6677331968
 4194304	30.765327	10027008	13041664	16187392	21626880	27656192	36962304	50593792	83361792	238026752	1002438656	3942645760	6945767424	9999220736	10401873920	10804527104	10804527104	10804527104
 8388608	15.431613	17170432	26869760	32636928	49545216	82313216	166723584	295698432	1010827264	2600468480	3976200192	5939134464	8925478912	13891534848	14294188032	14696841216	14696841216	14696841216
16777216	6.952709	31850496	53215232	102236160	354418688	851443712	3103784960	3841982464	5200936960	6274678784	8153726976	10804527104	12280922112	13354663936	14294188032	14428405760	14428405760	14428405760
     128	3318.543686	493568	1368064	2605056	4292608	5668864	6979584	8159232	9371648	10682368	13172736	17694720	22151168	34865152	41156608	70778880	200278016	221249536
     256	4476.913852	354304	468992	593920	888832	1351680	2146304	3424256	5210112	7634944	10551296	16711680	25034752	51642368	65798144	106430464	119013376	147849216
     512	4835.498268	346112	448512	552960	782336	1105920	1613824	2441216	3817472	6062080	9764864	16908288	25821184	52690944	65273856	94896128	106430464	130547712
    1024	4878.731343	342016	440320	536576	741376	1028096	1449984	2146304	3260416	5210112	8847360	17170432	27394048	56885248	70778880	109576192	127401984	147849216
    2048	4769.469159	350208	448512	544768	757760	1056768	1499136	2211840	3391488	5472256	9240576	17694720	27918336	57409536	69730304	102236160	115867648	152043520
    4096	4693.74292	358400	456704	552960	774144	1089536	1548288	2277376	3489792	5603328	9371648	17694720	27918336	60030976	74973184	109576192	123207680	143654912
    8192	3300.316508	501760	1318912	2637824	4358144	5799936	7110656	8355840	9633792	10944512	13434880	17694720	22675456	35389440	42205184	58982400	64225280	76021760
   16384	3240.202444	528384	1286144	2572288	4358144	5865472	7176192	8454144	9633792	11075584	13565952	18219008	23199744	38010880	45350912	61603840	68681728	86507520
   32768	3043.941411	610304	1531904	2867200	4751360	6193152	7503872	8847360	10158080	11730944	14221312	19005440	24510464	41156608	51118080	83361792	145752064	200278016
   65536	1887.515822	602112	749568	888832	1204224	1728512	2637824	4112384	6455296	10289152	18743296	44826624	81264640	193986560	214958080	308281344	379584512	534773760
  131072	963.931919	823296	1019904	1204224	1581056	2113536	3096576	4947968	8224768	15007744	38535168	108527616	187695104	341835776	400556032	526385152	583008256	608174080
  262144	483.955708	1155072	1449984	1712128	2211840	2834432	3719168	5406720	9371648	23461888	88604672	235929600	367001600	641728512	708837376	809500672	876609536	918552576
  524288	254.657561	1875968	2703360	3653632	5865472	8978432	11862016	14614528	18481152	29491200	99090432	379584512	851443712	1501560832	1652555776	2021654528	2088763392	2197815296
 1048576	   128.0	2998272	4227072	5472256	8290304	11993088	15925248	19791872	25296896	39583744	132644864	792723456	1786773504	3472883712	4143972352	5066719232	5066719232	5133828096
 2097152	59.770787	4882432	6127616	7241728	9502720	11730944	14876672	19529728	27918336	66322432	299892736	2164260864	3640655872	5603590144	5939134464	6744440832	7012876288	7012876288
 4194304	31.579281	9109504	12255232	15663104	20054016	25034752	34865152	47972352	74973184	219152384	884998144	3841982464	7214202880	10133438464	10670309376	11341398016	11341398016	11341398016
 8388608	13.397642	21364736	29229056	35913728	51118080	80216064	166723584	425721856	1753219072	2868903936	4731174912	7079985152	9730785280	14159970304	14294188032	15367929856	15367929856	15367929856
16777216	7.983783	34865152	67633152	94896128	270532608	784334848	2055208960	3338665984	4278190080	5939134464	7281311744	9462349824	10804527104	13354663936	14562623488	15099494400	15099494400	15099494400
     128	3321.542766	493568	1384448	2637824	4292608	5668864	6979584	8159232	9371648	10682368	13172736	17432576	22151168	34865152	41156608	69730304	177209344	221249536
     256	4469.196681	354304	468992	593920	897024	1351680	2146304	3457024	5341184	7766016	10682368	16908288	25034752	50593792	64749568	94896128	110624768	152043520
     512	4847.048241	346112	444416	552960	782336	1105920	1613824	2408448	3751936	5996544	9502720	16908288	26083328	53215232	65273856	95944704	111673344	135266304
    1024	4840.708554	342016	436224	528384	733184	1019904	1449984	2113536	3260416	5275648	8978432	17170432	27918336	58982400	72876032	105381888	113770496	141557760
    2048	4786.761277	350208	452608	544768	765952	1056768	1515520	2244608	3424256	5472256	9371648	17694720	27656192	56360960	69730304	99090432	112721920	152043520
    4096	4654.563624	354304	452608	544768	757760	1056768	1515520	2244608	3457024	5537792	9371648	17694720	28442624	59506688	77070336	122159104	137363456	166723584
    8192	3299.28393	497664	1302528	2605056	4358144	5799936	7110656	8355840	9502720	10944512	13434880	17694720	22675456	35389440	42729472	59506688	65798144	76021760
   16384	3241.565362	536576	1269760	2572288	4358144	5865472	7176192	8454144	9633792	11075584	13565952	18219008	23199744	37486592	44826624	61603840	67633152	85458944
   32768	3044.035415	634880	1597440	2899968	4751360	6193152	7503872	8847360	10027008	11730944	14352384	19267584	24510464	41156608	50593792	77070336	105381888	196083712
   65536	1877.366967	724992	1302528	2572288	4882432	6782976	8454144	10027008	11993088	15007744	20578304	34865152	57933824	135266304	177209344	233832448	244318208	295698432
  131072	958.887264	774144	970752	1187840	1761280	2899968	5013504	7503872	10158080	13697024	25821184	79167488	170917888	471859200	583008256	708837376	725614592	750780416
  262144	461.673921	995328	1236992	1482752	1974272	2670592	3719168	5537792	9240576	16711680	44302336	149946368	421527552	1069547520	1266679808	1518338048	1535115264	1568669696
  524288	217.017335	1384448	1630208	1941504	2605056	3489792	4685824	6717440	10813440	20578304	59506688	258998272	717225984	2734686208	3070230528	3439329280	3472883712	3539992576
 1048576	107.65385	2211840	2703360	3260416	4423680	5931008	7962624	11075584	16908288	33161216	132644864	650117120	1870659584	5200936960	5536481280	6073352192	6140461056	6140461056
 2097152	48.148268	3686400	4751360	5734400	7372800	9764864	13041664	17432576	25821184	53215232	320864256	2105540608	4529848320	9328132096	9865003008	9999220736	9999220736	9999220736
 4194304	27.471149	7176192	10289152	12517376	22675456	35389440	46923776	60555264	87556096	223346688	893386752	3741319168	7348420608	15502147584	16307453952	17112760320	17112760320	17112760320
 8388608	14.783262	13697024	23199744	34340864	50069504	80216064	168820736	392167424	1283457024	2634022912	3841982464	6073352192	9059696640	14696841216	15099494400	15636365312	15636365312	15636365312
16777216	  7.2448	27394048	42729472	66846720	223346688	876609536	2701131776	3674210304	5133828096	6341787648	8019509248	9462349824	12683575296	13891534848	14025752576	15367929856	15367929856	15367929856
     128	3319.063166	493568	1368064	2605056	4292608	5668864	6979584	8159232	9371648	10682368	13172736	17694720	22151168	34865152	41156608	69730304	198180864	221249536
     256	4470.216096	350208	468992	593920	888832	1351680	2113536	3391488	5210112	7634944	10551296	16711680	25034752	52690944	65798144	102236160	115867648	145752064
     512	4828.773051	346112	448512	552960	782336	1105920	1597440	2408448	3784704	6062080	9633792	17170432	25821184	53215232	64749568	93847552	105381888	141557760
    1024	4860.6541	346112	440320	528384	733184	1011712	1433600	2113536	3260416	5275648	8978432	17170432	27656192	57409536	71827456	109576192	129499136	160432128
    2048	4771.794188	350208	448512	544768	757760	1056768	1515520	2211840	3424256	5537792	9371648	17694720	27656192	56360960	69730304	101187584	117964800	160432128
    4096	4676.238645	358400	452608	544768	757760	1056768	1531904	2244608	3489792	5603328	9502720	17956864	27918336	59506688	74973184	110624768	120061952	139460608
    8192	3314.825301	485376	1236992	2539520	4358144	5799936	7045120	8355840	9502720	10944512	13303808	17694720	22413312	35389440	42205184	59506688	64749568	74973184
   16384	3251.890595	528384	1236992	2539520	4358144	5865472	7176192	8454144	9633792	11075584	13565952	17956864	23199744	37486592	44826624	61603840	68681728	86507520
   32768	3040.403704	610304	1581056	2965504	4751360	6193152	7503872	8847360	10158080	11730944	14221312	19005440	24510464	41156608	51118080	82313216	126353408	187695104
   65536	1887.282659	602112	757760	888832	1220608	1728512	2605056	4079616	6455296	10289152	18481152	44826624	82313216	196083712	217055232	325058560	367001600	517996544
  131072	967.163584	946176	1384448	1990656	4358144	6455296	8355840	10158080	11993088	16187392	33423360	96993280	175112192	333447168	383778816	501219328	574619648	608174080
  262144	491.180281	1155072	1482752	1761280	2310144	2998272	4145152	6389760	11206656	26345472	88604672	227540992	358612992	624951296	700448768	784334848	817889280	901775360
  524288	254.716043	2146304	3555328	5275648	8978432	11206656	13434880	15532032	19005440	28704768	94896128	375390208	834666496	1501560832	1652555776	2021654528	2122317824	2164260864
 1048576	117.980864	2834432	3555328	4358144	5603328	7110656	8978432	11730944	16711680	35389440	156237824	893386752	1971322880	3774873600	4278190080	5133828096	5133828096	5133828096
 2097152	61.824905	4751360	6193152	7634944	10027008	12386304	15269888	19791872	27918336	69730304	274726912	2122317824	3607101440	5536481280	5872025600	6408896512	7147094016	7147094016
 4194304	34.120902	13434880	29491200	41156608	50069504	56885248	64225280	74973184	98041856	229638144	725614592	3472883712	6610223104	9730785280	10133438464	10804527104	10938744832	10938744832
 8388608	14.054327	16056320	23724032	28966912	49020928	79167488	189792256	320864256	1518338048	2667577344	4462739456	6274678784	9596567552	14025752576	14294188032	15233712128	15233712128	15233712128
16777216	8.251547	39059456	64749568	110624768	278921216	767557632	1954545664	3170893824	4076863488	5737807872	7079985152	9462349824	10401873920	13354663936	13623099392	14696841216	14696841216	14696841216
     128	3319.252424	493568	1368064	2670592	4292608	5668864	6979584	8159232	9371648	10682368	13172736	17694720	22151168	34865152	41156608	70778880	198180864	221249536
     256	4473.454715	354304	477184	602112	905216	1368064	2146304	3457024	5341184	7700480	10551296	16908288	25034752	51118080	64749568	95944704	112721920	152043520
     512	4834.021168	346112	448512	552960	790528	1122304	1613824	2408448	3719168	5996544	9502720	16908288	26083328	53215232	64749568	93847552	110624768	139460608
    1024	4875.191526	342016	436224	528384	733184	1019904	1449984	2146304	3260416	5275648	8978432	17170432	27394048	57933824	71827456	106430464	112721920	141557760
    2048	4780.721045	354304	452608	544768	757760	1056768	1515520	2244608	3457024	5537792	9371648	17694720	27656192	55312384	68681728	96993280	112721920	141557760
    4096	4666.977705	354304	452608	544768	757760	1056768	1499136	2211840	3424256	5472256	9371648	17956864	28442624	60555264	78118912	120061952	135266304	170917888
    8192	3306.04295	489472	1286144	2605056	4358144	5799936	7110656	8355840	9502720	10944512	13434880	17694720	22413312	35389440	42205184	60030976	65273856	78118912
   16384	3238.425155	518144	1253376	2572288	4358144	5799936	7176192	8454144	9633792	11075584	13565952	18219008	23199744	37486592	44826624	61603840	68681728	87556096
   32768	3044.672281	643072	1581056	2899968	4751360	6193152	7503872	8847360	10158080	11730944	14352384	19267584	24510464	40632320	50593792	77070336	110624768	196083712
   65536	1885.80946	643072	921600	1384448	2965504	4882432	6848512	8978432	11468800	15269888	22151168	38010880	62128128	139460608	181403648	238026752	250609664	312475648
  131072	937.608031	757760	954368	1138688	1581056	2277376	3489792	5668864	8978432	14090240	29229056	84410368	175112192	480247808	591396864	700448768	725614592	759169024
  262144	457.245993	1011712	1253376	1499136	1974272	2670592	3784704	5668864	9240576	17694720	46923776	152043520	421527552	1069547520	1266679808	1518338048	1551892480	1568669696
  524288	229.67218	1417216	1761280	2179072	3129344	4554752	6914048	10420224	14745600	22937600	54263808	206569472	692060160	2634022912	3070230528	3405774848	3439329280	3506438144
 1048576	112.623274	2244608	2768896	3325952	4423680	5799936	7700480	10158080	15663104	29491200	113770496	591396864	1837105152	5066719232	5469372416	6073352192	6073352192	6140461056
 2097152	54.558368	3883008	5013504	6324224	9895936	14221312	20840448	26607616	35389440	56885248	212860928	1652555776	3305111552	9193914368	9596567552	10133438464	10267656192	10267656192
 4194304	22.245296	6651904	8028160	9371648	12910592	19267584	31064064	43778048	73924608	497025024	1719664640	5670699008	8657043456	14965276672	16173236224	16978542592	16978542592	16978542592
 8388608	13.831823	13434880	22675456	27656192	42205184	64225280	110624768	387973120	2038431744	2868903936	4143972352	6543114240	9596567552	14562623488	14965276672	16307453952	16307453952	16307453952
16777216	6.780926	30277632	42205184	69730304	214958080	1518338048	3137339392	3841982464	5469372416	6543114240	8556380160	9999220736	12683575296	14965276672	15099494400	15367929856	15367929856	15367929856
     128	3320.952698	493568	1368064	2637824	4292608	5668864	6979584	8159232	9371648	10682368	13041664	17694720	22151168	34865152	41680896	70778880	181403648	221249536
     256	4472.75753	354304	477184	602112	905216	1368064	2146304	3457024	5341184	7700480	10551296	16908288	24772608	51118080	64225280	98041856	116916224	152043520
     512	4846.55362	342016	444416	552960	790528	1122304	1613824	2441216	3751936	5931008	9502720	16908288	26083328	52690944	65273856	94896128	110624768	132644864
    1024	4844.548027	342016	436224	522240	724992	1011712	1433600	2113536	3260416	5275648	9109504	17170432	27656192	58458112	73924608	104333312	111673344	139460608
    2048	4775.264806	350208	452608	544768	765952	1073152	1531904	2244608	3457024	5537792	9371648	17694720	27656192	56360960	69730304	100139008	112721920	139460608
    4096	4626.582278	358400	456704	552960	757760	1056768	1515520	2211840	3424256	5537792	9371648	17956864	28704768	60555264	78118912	120061952	137363456	173015040
    8192	3305.656357	497664	1269760	2605056	4358144	5799936	7110656	8355840	9502720	10944512	13434880	17694720	22413312	35389440	42729472	59506688	65273856	77070336
   16384	3244.36228	522240	1269760	2572288	4358144	5799936	7176192	8454144	9633792	11075584	13565952	18219008	23199744	37486592	44826624	62128128	68681728	87556096
   32768	3043.178411	651264	1630208	2965504	4816896	6258688	7569408	8847360	10158080	11730944	14221312	19005440	24248320	40632320	50069504	77070336	104333312	191889408
   65536	1887.060235	634880	937984	1417216	3031040	4947968	6914048	8978432	11468800	15269888	21889024	38010880	62128128	139460608	179306496	238026752	252706816	312475648
  131072	943.223748	757760	962560	1171456	1646592	2408448	3915776	6193152	9371648	14221312	28180480	83361792	173015040	476053504	591396864	708837376	734003200	767557632
  262144	472.870788	995328	1220608	1482752	2023424	2768896	3948544	5996544	9633792	17170432	42205184	149946368	408944640	1052770304	1233125376	1535115264	1568669696	1585446912
  524288	223.253203	1400832	1712128	2039808	2703360	3555328	4816896	6979584	11599872	22413312	63176704	233832448	700448768	2600468480	3070230528	3405774848	3472883712	3539992576
 1048576	118.320861	2342912	2965504	3653632	5341184	7700480	11337728	16187392	22151168	34865152	89653248	463470592	1753219072	5133828096	5469372416	6006243328	6140461056	6274678784
 2097152	53.536235	3555328	4554752	5537792	7241728	9633792	12517376	16908288	25821184	50593792	233832448	1786773504	3607101440	8925478912	9462349824	9865003008	9865003008	9865003008
 4194304	23.089022	6848512	8847360	11599872	16056320	24772608	34340864	46923776	85458944	484442112	1518338048	4932501504	8489271296	15233712128	16575889408	17112760320	17112760320	17112760320
 8388608	13.689168	13041664	21364736	30801920	44826624	66846720	135266304	375390208	2021654528	2969567232	4177526784	6811549696	9730785280	14562623488	15099494400	15233712128	15233712128	15233712128
16777216	6.163232	22937600	42729472	73924608	295698432	2122317824	3305111552	4798283776	6140461056	7616856064	9059696640	10670309376	12146704384	14025752576	14294188032	14294188032	14294188032	14294188032
     128	3328.625204	497664	1351680	2637824	4292608	5668864	6979584	8159232	9371648	10682368	13041664	17694720	22151168	34865152	41156608	70778880	129499136	221249536
     256	4474.906816	354304	468992	593920	897024	1368064	2146304	3457024	5275648	7700480	10551296	16711680	24510464	52166656	64749568	105381888	117964800	152043520
     512	4828.712179	346112	448512	552960	782336	1105920	1613824	2441216	3817472	6062080	9633792	17170432	26083328	52690944	64749568	92798976	106430464	139460608
    1024	4882.670398	346112	436224	528384	724992	1011712	1433600	2113536	3227648	5210112	8847360	17170432	27656192	56885248	71827456	110624768	129499136	158334976
    2048	4742.806772	350208	444416	536576	749568	1044480	1499136	2211840	3391488	5537792	9502720	17694720	27918336	57409536	70778880	103284736	119013376	154140672
    4096	4689.699957	358400	452608	552960	765952	1073152	1531904	2277376	3457024	5603328	9371648	17694720	27918336	60030976	76021760	110624768	124256256	143654912
    8192	3299.28393	497664	1318912	2605056	4423680	5799936	7110656	8355840	9633792	10944512	13434880	17694720	22413312	35389440	42205184	58982400	64749568	76021760
   16384	3251.857281	518144	1236992	2539520	4358144	5799936	7176192	8454144	9633792	11075584	13565952	18219008	23199744	37486592	44826624	62128128	67633152	86507520
   32768	3056.823102	602112	1515520	2867200	4685824	6193152	7503872	8716288	10027008	11599872	14221312	19005440	24510464	41156608	51118080	82313216	122159104	187695104
   65536	1871.883518	643072	815104	995328	1499136	2441216	4079616	6127616	8585216	11599872	18219008	41156608	77070336	189792256	210763776	299892736	362807296	549453824
  131072	967.130383	905216	1286144	1712128	3096576	5144576	7241728	9371648	11730944	16908288	34865152	98041856	177209344	333447168	379584512	505413632	583008256	616562688
  262144	491.357861	1269760	1875968	2539520	4423680	6848512	9109504	11599872	15269888	26345472	79167488	223346688	346030080	608174080	683671552	784334848	817889280	901775360
  524288	239.8912	1679360	2146304	2539520	3260416	4079616	5210112	6848512	10551296	23199744	114819072	421527552	960495616	1602224128	1803550720	2139095040	2164260864	2231369728
 1048576	123.928242	2801664	3555328	4227072	5537792	6979584	8716288	11337728	16449536	36438016	147849216	851443712	1870659584	3640655872	4278190080	5066719232	5133828096	5133828096
 2097152	64.639399	6193152	13172736	20316160	26345472	30015488	34340864	38535168	45875200	68681728	246415360	1988100096	3405774848	5402263552	5737807872	6274678784	6610223104	6610223104
 4194304	33.479309	9502720	12910592	16318464	21889024	28442624	39059456	49545216	70778880	235929600	767557632	3607101440	6811549696	9730785280	10133438464	10670309376	10804527104	10804527104
 8388608	16.983802	22151168	31850496	44826624	62128128	86507520	156237824	304087040	792723456	2365587456	3741319168	5268045824	8086618112	13354663936	14294188032	15367929856	15367929856	15367929856
16777216	7.159158	44826624	65798144	125304832	358612992	868220928	2835349504	3741319168	4932501504	6207569920	7885291520	10536091648	12280922112	13488881664	13488881664	13757317120	13757317120	13757317120
     128	3328.757996	489472	1400832	2670592	4358144	5734400	6979584	8224768	9371648	10682368	13041664	17432576	22151168	34340864	41156608	69730304	135266304	221249536
     256	4465.705053	354304	468992	593920	888832	1351680	2146304	3424256	5275648	7700480	10682368	16908288	24772608	52166656	65798144	103284736	116916224	152043520
     512	4835.674812	346112	448512	552960	782336	1105920	1613824	2441216	3784704	5996544	9633792	17170432	25821184	52690944	64749568	94896128	106430464	129499136
    1024	4866.298048	342016	436224	528384	733184	1011712	1433600	2113536	3227648	5275648	8978432	17170432	27656192	56885248	71827456	108527616	127401984	164626432
    2048	4772.739388	350208	448512	544768	757760	1056768	1499136	2211840	3391488	5472256	9240576	17694720	27918336	56885248	69730304	103284736	116916224	160432128
    4096	4665.844883	358400	452608	544768	757760	1056768	1515520	2244608	3457024	5603328	9502720	17956864	28180480	60555264	77070336	111673344	122159104	139460608
    8192	3299.636945	493568	1318912	2605056	4423680	5799936	7110656	8355840	9633792	10944512	13434880	17694720	22675456	35389440	42205184	58458112	64225280	76021760
   16384	3245.047445	522240	1236992	2473984	4358144	5799936	7110656	8355840	9633792	11075584	13565952	18219008	23461888	38010880	45875200	62128128	68681728	86507520
   32768	3044.646424	602112	1499136	2801664	4685824	6127616	7438336	8716288	10027008	11730944	14352384	19267584	24772608	41680896	51118080	86507520	143654912	198180864
   65536	1879.665701	610304	782336	937984	1335296	2007040	3129344	4947968	7503872	11075584	18481152	43253760	79167488	193986560	214958080	304087040	367001600	583008256
  131072	956.480106	806912	1003520	1171456	1499136	1941504	2637824	4112384	7045120	13828096	39059456	111673344	187695104	350224384	404750336	557842432	599785472	624951296
  262144	492.625075	1187840	1548288	1892352	2637824	3719168	5603328	8585216	13434880	26869760	84410368	227540992	354418688	616562688	692060160	775946240	817889280	918552576
  524288	246.407047	1728512	2179072	2605056	3358720	4145152	5406720	7372800	11337728	26083328	115867648	417333248	901775360	1535115264	1753219072	2055208960	2164260864	2231369728
 1048576	121.174142	2801664	3555328	4227072	5668864	7045120	8847360	11337728	16580608	38010880	152043520	868220928	1920991232	3774873600	4177526784	5133828096	5200936960	5200936960
 2097152	64.136635	4554752	6062080	7503872	9895936	12517376	16056320	20578304	29753344	66846720	254803968	2055208960	3573547008	5469372416	5804916736	6610223104	6744440832	6744440832
 4194304	29.865431	8585216	12255232	15400960	20316160	26869760	33816576	47972352	71827456	229638144	1149239296	4043309056	7214202880	10133438464	10536091648	11072962560	11072962560	11072962560
 8388608	17.225634	20054016	33161216	47448064	68681728	96993280	198180864	308281344	683671552	2071986176	3640655872	5335154688	7482638336	13086228480	14294188032	15367929856	15367929856	15367929856
16777216	8.666916	53215232	71827456	100139008	217055232	566231040	1451229184	2801795072	4009754624	5536481280	7012876288	9059696640	10133438464	13086228480	13220446208	13488881664	13488881664	13488881664
     128	3321.074022	477184	1351680	2605056	4292608	5668864	6914048	8159232	9371648	10682368	13172736	17694720	22151168	34865152	41156608	70778880	179306496	221249536
     256	4464.037046	354304	473088	593920	888832	1335296	2113536	3424256	5341184	7766016	10682368	16908288	24772608	51642368	65798144	96993280	114819072	147849216
     512	4831.797465	346112	448512	552960	790528	1122304	1630208	2441216	3784704	5996544	9502720	16908288	26083328	52690944	65273856	93847552	106430464	135266304
    1024	4839.3684	346112	440320	528384	733184	1019904	1449984	2146304	3293184	5341184	9109504	17432576	27394048	58458112	72876032	103284736	112721920	147849216
    2048	4773.920576	350208	448512	544768	757760	1056768	1515520	2211840	3391488	5472256	9371648	17694720	27918336	57409536	70778880	99090432	110624768	158334976
    4096	4643.739799	358400	452608	544768	757760	1056768	1499136	2211840	3424256	5537792	9502720	17956864	28442624	60555264	78118912	120061952	132644864	166723584
    8192	3305.756234	493568	1269760	2572288	4358144	5799936	7110656	8355840	9502720	10944512	13434880	17694720	22413312	35913728	42729472	58982400	65273856	77070336
   16384	3237.427563	536576	1286144	2605056	4423680	5865472	7176192	8454144	9633792	11075584	13565952	18219008	23199744	37486592	45350912	61603840	68681728	86507520
   32768	3045.01415	651264	1581056	2932736	4751360	6193152	7569408	8847360	10158080	11730944	14221312	19005440	24510464	40632320	50593792	77070336	104333312	183500800
   65536	1885.720947	651264	987136	1581056	3457024	5472256	7372800	9371648	11599872	15269888	21626880	36962304	61079552	139460608	181403648	238026752	248512512	312475648
  131072	934.806483	741376	921600	1089536	1433600	1941504	2736128	4227072	7241728	12779520	29491200	88604672	181403648	488636416	591396864	700448768	734003200	759169024
  262144	466.133209	995328	1220608	1466368	1957888	2670592	3719168	5603328	8978432	15925248	41680896	152043520	421527552	1052770304	1233125376	1518338048	1535115264	1568669696
  524288	227.065584	1400832	1744896	2113536	2801664	3784704	5341184	8224768	13172736	23724032	62652416	217055232	708837376	2600468480	3070230528	3439329280	3472883712	3539992576
 1048576	117.349785	2211840	2703360	3293184	4423680	5799936	8224768	11730944	17432576	35389440	98041856	526385152	1719664640	5133828096	5469372416	6006243328	6073352192	6140461056
 2097152	51.283707	3653632	4554752	5406720	7831552	10420224	13697024	17956864	25296896	56885248	295698432	1954545664	3942645760	9059696640	9596567552	9865003008	9999220736	9999220736
 4194304	22.808784	6914048	8454144	10420224	15794176	21364736	30277632	44302336	76021760	497025024	1484783616	5268045824	8422162432	15099494400	16710107136	17112760320	17112760320	17112760320
 8388608	14.952978	14614528	23724032	31064064	56360960	92798976	170917888	362807296	1115684864	2667577344	3774873600	6073352192	9059696640	14562623488	15099494400	16039018496	16039018496	16039018496
16777216	7.547053	25296896	46923776	70778880	166723584	734003200	2466250752	3539992576	4932501504	6006243328	7549747200	9328132096	12280922112	13488881664	13488881664	13623099392	13623099392	13623099392
     128	3324.43867	477184	1351680	2605056	4292608	5668864	6979584	8159232	9371648	10682368	13172736	17694720	22151168	35389440	41156608	70778880	162529280	221249536
     256	4475.8129	354304	468992	593920	897024	1351680	2146304	3424256	5275648	7634944	10551296	16908288	24772608	52166656	65798144	103284736	114819072	145752064
     512	4835.808471	346112	448512	552960	782336	1105920	1597440	2408448	3784704	6062080	9633792	16908288	25821184	53215232	65273856	94896128	105381888	127401984
    1024	4883.060218	342016	436224	528384	733184	1003520	1433600	2088960	3227648	5210112	8978432	17432576	27656192	57409536	70778880	106430464	125304832	154140672
    2048	4774.039903	354304	448512	544768	749568	1044480	1499136	2211840	3424256	5537792	9371648	17694720	27656192	56885248	69730304	102236160	115867648	156237824
    4096	4700.979739	354304	452608	552960	774144	1073152	1531904	2244608	3457024	5603328	9371648	17694720	27918336	59506688	76021760	109576192	119013376	141557760
    8192	3297.565194	497664	1302528	2572288	4358144	5734400	7110656	8355840	9633792	10944512	13434880	17694720	22675456	35389440	42205184	60030976	65273856	76021760
   16384	3240.202444	528384	1269760	2572288	4358144	5865472	7176192	8454144	9633792	11075584	13565952	18219008	23199744	38010880	45350912	62128128	68681728	87556096
   32768	3043.740222	602112	1515520	2801664	4620288	6127616	7438336	8716288	10027008	11730944	14352384	19267584	24510464	41680896	51642368	84410368	143654912	200278016
   65536	1887.223554	610304	774144	921600	1286144	1892352	2932736	4620288	7110656	10813440	18481152	43778048	80216064	193986560	214958080	299892736	371195904	557842432
  131072	967.39889	839680	1073152	1286144	1777664	2605056	4112384	6455296	9764864	16318464	37486592	105381888	183500800	333447168	387973120	505413632	583008256	616562688
  262144	491.19549	1449984	2310144	3784704	6914048	8978432	10813440	12648448	15400960	25034752	78118912	221249536	346030080	608174080	683671552	775946240	817889280	893386752
  524288	252.491474	1810432	2408448	2932736	3883008	5079040	7045120	10158080	15532032	29753344	105381888	387973120	884998144	1501560832	1669332992	2038431744	2122317824	2197815296
 1048576	125.362605	2834432	3522560	4292608	5668864	7176192	8978432	11468800	16711680	36438016	156237824	826277888	1853882368	3539992576	4211081216	4865392640	4999610368	5133828096
 2097152	61.101382	4816896	6127616	7569408	9764864	12124160	15007744	19529728	28442624	65798144	291504128	2122317824	3640655872	5469372416	5872025600	6610223104	7012876288	7012876288
 4194304	33.632928	10158080	13828096	17170432	23724032	33816576	44302336	56360960	85458944	231735296	767557632	3741319168	6811549696	9865003008	10133438464	10536091648	10804527104	10804527104
 8388608	16.308797	18219008	27918336	36962304	53739520	94896128	191889408	329252864	893386752	2399141888	3841982464	5536481280	8287944704	13623099392	13891534848	15367929856	15367929856	15367929856
16777216	6.788887	29491200	48496640	77070336	299892736	935329792	2634022912	3841982464	5603590144	7147094016	8925478912	10938744832	12280922112	13220446208	13220446208	14562623488	14562623488	14562623488
